9552
3721
3525
10986
5104
8462
4070
3742
6026
6402
6893
11190
6195
6423
6046
11450
7311
10550
9577
10324
11729
10559
3076
4728
11914
9650
5566
8147
8603
6461
6031
4365
5123
11646
6788
6808
7058
5659
3826
10020
6567
10322
11427
4562
4761
5436
7698
10223
10856
10079
6380
5560
8120
7923
7084
4867
3423
10204
11818
6857
5431
11194
5301
11773
6407
10203
7515
11308
3330
4929
7978
5457
5063
6008
11990
7056
7562
7743
10322
6537
8036
6971
11703
10480
10740
6510
8994
8641
11210
9827
7237
11684
3228
6037
7203
9269
5962
5225
4272
3599
5422
8008
6820
6765
8274
11013
7819
5310
3624
11238
8463
9327
4190
3043
5876
4193
9983
7571
6572
11725
6649
5761
11777
8234
3870
3686
10094
11217
3317
6030
9174
8637
4648
3008
4657
9039
5532
6258
3150
3610
3820
11505
9341
4144
9073
5380
11030
9905
11484
4200
7295
3891
4355
10003
8527
11135
7759
9399
9953
3322
5185
6649
4203
8186
4273
3156
11016
7774
3155
3613
10638
7138
6361
10479
5389
4536
10767
8004
5246
8888
5591
9304
10182
9342
5917
9495
5289
5991
8096
7737
6955
4436
11553
3524
7109
6900
6263
10189
11352
5981
8347
8327
6447
11098
4265
9718
4332
11601
6594
9029
5085
4576
8239
9299
3301
7322
6173
6279
4134
11089
6571
5795
8483
9245
7571
9187
4754
11623
10715
4452
10622
10466
6070
11182
10789
7808
3505
6037
11564
11964
5292
8438
7383
8493
7278
5492
10201
6406
9307
9991
3989
6563
6344
5970
11428
7662
3632
11365
5648
5985
5001
4880
11754
4384
11764
10061
8914
6319
3197
8621
11398
6992
7631
4795
7533
6315
11784
9552
9073
10414
5590
9134
11957
7223
11608
5074
5031
9297
3078
3875
7715
3379
10383
7886
3518
7385
3982
4433
3220
4654
6237
3873
10110
5344
4741
5269
5990
10512
3662
6939
9298
11543
3450
9142
10658
4335
7231
11570
3142
5850
8469
4966
10447
6972
9282
10727
8941
7005
7441
7146
11564
4545
4348
8266
5157
3674
9032
5846
11000
10255
11157
7598
8881
5268
7701
9290
4298
9175
6191
4207
10525
4638
10361
4111
3588
3565
3623
5417
7022
7080
8643
5063
9902
8661
3953
9406